-0.1182976883202025 0.061039377819923114 
-3.392347101729331 -0.06646615945845111 
0.5710997051442996 -0.522948878447419 
-2.3887428899894916 4.140371729165921 
0.3177020093874983 -0.11644769274251407 
0.7879573211683295 -0.640526014422623 
2.0030503101542534 2.6972718121083927 
2.034543108095186 1.552030392224483 
2.316359599441719 1.2348914464934977 
-2.406909671339591 -0.5815995384857011 
-2.073553193095521 1.2418157089884283 
-1.4282966723614836 -1.0067627695821457 
1.4034537176116544 1.5792333020884186 
-0.7801313499053457 0.6360521598533942 
1.7914567573965239 -3.0791520076114995 
-0.906516829631347 -2.7461397152894285 
1.0170093520695458 -0.8703628345777719 
0.5934099867933539 -0.6773937130548736 
0.6435559158971295 0.15259803070387482 
0.8034024978910843 -1.8125609876438618 
