-0.8886742104191494 0.4585391452601418 
-0.9998081129825785 -0.019589211679275666 
0.7375137365884538 -0.6753321318753734 
-0.49973295291915165 0.8661795286005696 
0.9389174249756196 -0.3441425127431247 
0.7759642367786855 -0.6307769044919701 
0.5962017542190202 0.8028346456563537 
0.7950732139871113 0.6065134659677435 
0.882432073759367 0.4704398316477283 
-0.9720249456244086 -0.23487763853518634 
-0.8579154206205132 0.5137909410076515 
-0.8173577067065779 -0.5761305227874701 
0.6642820758439106 0.7474819888883644 
-0.7750454197354295 0.6319055288151323 
0.502883120570737 -0.8643544221238401 
-0.31346811061811103 -0.949598727687391 
0.7597581984685537 -0.6502057211835479 
0.6589387561974188 -0.75219659370473 
0.9730202751735737 0.23071962227158516 
0.40522001295818433 -0.9142191975112801 
