-0.9100228294628464 0.41455813808974395 
0.04588582133040934 -0.9989466909704611 
-0.9800850102879477 -0.1985783790065609 
-0.6512319135933086 0.7588787747180689 
0.8946338255637193 -0.4468000874633137 
0.8251461813456427 0.5649192680469518 
-0.7599393922103372 -0.6499939385617247 
0.6116862887746427 0.7911004260680843 
0.9920008538950341 0.12623116046176225 
-0.07486452755484999 0.9971937136354145 
0.9737950311507166 0.22742743305541377 
0.6778845259510523 0.7351683953191385 
0.7374887878021819 0.675359376825456 
0.8443208838372294 0.5358378907060602 
-0.9788155918380463 -0.20474383305666388 
-0.9431331995545621 0.3324150536572832 
-0.7461205398717304 0.6658108890529784 
-0.9885916009469573 0.1506208701911254 
-0.5023288735442235 0.8646766463851048 
0.19325426773766652 0.9811487084031545 
