-0.9351041969358261 0.3543728839414829 
0.768532110877722 -0.6398112178993369 
0.37366200222143187 0.9275649347058516 
0.3775448968225734 -0.9259912801334753 
-0.805082465449312 0.5931628982211021 
0.33345942562150416 0.9427644517397633 
0.4750777286070213 0.8799438344471728 
0.9985459703101099 -0.05390681939644505 
-0.9780537720045096 -0.20835263153545905 
0.46773935601385697 0.8838664462664834 
-0.33978691790778776 -0.940502445727137 
-0.8019768440896646 0.5973551218027529 
0.01529978502787379 0.9998829514388676 
-0.9996334978896952 -0.027071569899299344 
0.30952176489816474 0.950892358290004 
0.23640592606990837 -0.9716543820304775 
0.2816886638325049 0.9595058606742629 
-0.68208529756313 -0.7312726214266582 
-0.7541873655317745 0.6566592858341695 
-0.5185150441376591 -0.8550685054444008 
