-4.646337500550624 1.7608048656299462 
3.351766021173078 -2.7903811301666797 
1.7654051961719683 4.382377511712376 
0.9742104002268204 -2.3894120758022694 
-3.4747732565083833 2.5601185765999737 
0.4936241703597362 1.3955860430915386 
1.002419181678108 1.856691074607018 
3.5273726070090143 -0.19042632359825093 
-3.1444085027437985 -0.6698463877159122 
0.5025322955450054 0.9496131306606223 
-0.7386781162834647 -2.04460071402234 
-0.23221567789001624 0.17296662063598248 
0.04305635040667002 2.813850694266267 
-4.551515480917029 -0.12326184521578006 
0.4631475451196596 1.4228513512125893 
1.3665848624422061 -5.616814231703415 
1.0862366555016558 3.70000845207169 
-4.0844088515251995 -4.378948466568635 
-3.6416921379664315 3.170765074881379 
-0.9872033699714907 -1.6279691778954317 
