-0.27557781452566066 0.12553863704280058 
0.06928949972985453 -1.5084510741505641 
-0.4577707100431476 -0.09275049062360761 
-1.8493828269405317 2.155080769843417 
3.7539558134447075 -1.8748092659291573 
2.2052015243448015 1.5097456174338824 
-2.1670064718426576 -1.85349132570285 
0.9328322020683786 1.2064418739622986 
2.255883059941855 0.28705896310914153 
-0.15345775322108823 2.044053596792789 
4.801326295632126 1.121337940476787 
2.9894603543388536 3.242081338980395 
0.837252149255279 0.7667182187975036 
2.725620764068403 1.7297817797014374 
-1.727787863188215 -0.36141017038117396 
-0.4592298035010651 0.16185932150827523 
-2.4619119521787187 2.1969208700943472 
-1.467610736789488 0.22360376728401107 
-1.1914126111310865 2.050821116025405 
0.3057019158559959 1.552043550756836 
