-0.8035105669937861 -0.5952904910456108 
0.9605328025521874 0.2781667399622759 
0.15888090751303294 -0.9872977551011828 
-0.7305020926689322 -0.6829104572389493 
-0.4852776770030173 0.8743600952711389 
-0.37315902765266235 0.9277673954614484 
-0.6829135703954583 0.7304991823196844 
-0.9668852033764708 -0.25521168368952246 
-0.7513543171923712 0.6598989998752731 
0.7206272000002171 0.6933227521290839 
0.14438556240822353 -0.9895215052580014 
0.6858293161529839 0.7277624262801223 
0.7237687146816342 0.6900426419056255 
-0.4220712897944775 0.9065626433574385 
0.09373835984395747 -0.9955968661530453 
-0.04653855992858936 0.9989164942275071 
0.6426298929110376 -0.7661767555447949 
-0.9122043154478827 -0.4097356304719663 
0.9325431725466302 -0.3610584874181271 
0.5937748964456379 0.8046312026953542 
