-3.056569162182881 -2.264496115188974 
2.141500167313456 0.6201705122276524 
0.34302117750709854 -2.1315590639935276 
-1.95096617246364 -1.8238622644147433 
-0.6554642504451412 1.1809976259478259 
-0.8520410443452273 2.1183887885843142 
-0.30144229225844177 0.32244687696548296 
-3.3958615963894734 -0.8963458666702743 
-3.0829034016852903 2.7076504718656276 
3.586920645489371 3.4510128032893728 
0.3556585393391198 -2.4374443492465385 
2.7361522562529683 2.9034466124196863 
0.32784386634090373 0.3125670439650637 
-0.08542762250303487 0.18348912409987383 
0.4280190876207245 -4.545998703180301 
-0.061673172751526235 1.3237700007772752 
0.45596921753724456 -0.5436301976841708 
-0.4126127613440632 -0.18533364406095906 
3.228109493974219 -1.2498470477581527 
2.031790608317589 2.7533028603633167 
