-0.41104449815099114 -0.04333249833157502 
0.04083502631370832 0.13230784880489707 
-0.8479709506497551 -2.743822269040025 
-0.6945387044469484 0.04763767312031117 
-0.19779846490466144 0.2380663983772987 
-0.35689019117333814 0.535900430237418 
2.5490817063328626 -1.1541324531700146 
-1.1177423273334854 2.181311191857142 
-0.03327877956096286 0.34190968315798165 
-0.9006910765622752 0.567578208211612 
-0.16685155833163756 4.167182570416306 
-0.024580713324761954 0.0490470621690895 
0.1273706971281506 0.3248609263252163 
-3.1649919259630894 3.000896195238192 
-0.07517516314460432 2.7158163300345404 
0.8684297026596339 -0.24589749939237032 
4.147498218147887 1.6416923489048951 
0.428761943153366 -1.6987288064866306 
-4.289260533307752 0.3631221066015101 
0.22466495462046118 0.009006252142999783 
