-0.9944891549176192 -0.1048394999570274 
0.29490987746624964 0.9555250724982791 
-0.29526826683468477 -0.9554143868502512 
-0.9976560457091923 0.06842817007562023 
-0.639058357187802 0.7691582516676445 
-0.5542950204605128 0.8323202690627447 
0.9109768335855825 -0.41245752347409803 
-0.4560327379724206 0.8899630002968537 
-0.0968742876370903 0.9952966253307636 
-0.8460310056716929 0.533133695654424 
-0.04000736028855125 0.9991993850692373 
-0.4480472368415073 0.8940098844860107 
0.3650235822547564 0.9309982730370154 
-0.7256684105598044 0.688044590063469 
-0.027669904942454873 0.99961711487973 
0.9621725047757942 -0.27244094966336146 
0.9298085844216127 0.3680434707149099 
0.24472664370693512 -0.9695921152009946 
-0.9964356224027762 0.08435668560814885 
0.9991974640565314 0.040055309548129706 
